-0.5
-0.5
-0.5
0.702194
0.484909
0.433035
0.98803
0.749504
0.998932
0.998932
0.962026
0.962026
0.962026
0.86815
0.828952
0.484134
0.436723
0.187929
0.187929
-0.193728
-0.193728
-0.193728
-0.193728
0.361512
-1.09926
-1.32114
-1.36345
-1.05339
0.846488
0.709714
0.998329
0.998329
0.50215
0.690886
0.521228
0.840061
0.840061
0.840061
0.993226
0.742568
0.946349
0.569419
0.695769
0.695769
0.700593
0.850721
0.973628
0.932125
0.84562
0.84562
0.84562
0.84562
0.994363
0.453678
0.453678
0.988708
0.950038
0.546132
0.546132
0.546132
0.364883
0.890651
0.312299
0.986115
0.986115
0.775543
0.578141
0.578141
0.637865
0.908882
-0.375151
-0.0940469
0.952131
0.997191
0.80407
0.705812
0.668515
0.894566
0.993484
0.321114
0.321114
0.321114
0.831266
0.859618
0.939526
0.944518
0.662123
0.719336
0.701931
0.613981
0.743033
0.743033
0.84415
0.959305
0.828195
0.589755
0.719082
0.989984
0.964591
0.727023
0.98427
0.998579
0.941048
0.941048
-0.269157
-0.543105
-0.543105
0.74342
0.995465
0.720522
0.88247
0.946775
0.946775
0.946775
0.67
0.939638
0.89353
0.89353
0.802944
0.487806
-0.156098
0.193147
0.946009
0.936667
0.476921
0.969879
0.982906
0.974092
0.95909
0.917844
0.386603
0.386603
0.386603
0.822669
0.941898
0.877221
0.660973
0.660973
0.660973
0.888151
0.888151
0.951539
0.949275
0.927305
0.65053
0.849865
0.875227
0.990403
0.999997
0.999997
0.627203
0.983337
0.983337
0.776823
0.776823
0.894114
0.989958
0.834216
-0.0667122
-0.142965
-0.126369
0.575338
0.954757
0.967544
0.967544
0.739853
0.739853
0.992988
0.940178
0.972164
0.972164
0.928827
0.998828
0.808643
0.808643
-0.106178
0.668901
0.422037
0.902299
0.974401
0.864223
0.864223
0.997224
0.997224
0.992336
0.71843
0.71843
0.71843
0.974064
0.974064
0.862358
0.667191
0.999608
0.999608
0.280418
0.985219
0.972678
0.972678
0.999578
0.999578
0.998872
0.999991
0.734974
0.734974
0.734974
0.662163
0.996014
0.994596
0.994596
0.628321
0.956016
0.956016
0.751621
0.825532
0.74159
0.90955
0.751022
0.978386
0.735543
0.735543
0.972086
0.645115
0.645115
0.971418
0.971418
0.811223
0.811223
0.811223
0.905998
0.918539
0.946422
0.505015
0.590594
0.590594
0.302377
0.876001
0.79164
0.883572
0.883572
-0.0829881
-0.0829881
0.653705
0.66016
0.66016
0.291381
0.291381
0.867773
0.867773
0.97429
0.909012
0.9038
0.837339
0.837339
0.776889
0.776889
0.776889
0.776889
0.999655
0.956347
0.389616
0.422413
0.422413
0.954359
0.984581
0.890725
0.652356
0.652356
-0.78081
0.553725
0.978873
0.997463
0.997463
0.825553
0.892356
0.892356
0.97828
0.97828
0.370403
0.449096
0.994962
0.978359
0.978359
0.78837
0.78837
0.992158
0.894793
0.904433
0.311641
0.311641
0.0548592
0.585746
0.977158
0.977158
0.942679
0.998139
0.922974
0.915386
0.999214
-0.115352
0.66021
0.146014
-0.377585
0.0301536
0.0301536
0.501515
0.945188
0.940889
0.940889
0.99826
0.99826
0.99826
0.960239
0.848829
0.999444
0.999444
0.956027
0.956027
0.988817
0.214463
-0.168875
0.906321
0.907403
0.909801
0.909801
0.909801
0.932892
0.932892
0.991136
0.991136
0.991136
0.92445
0.801988
0.801988
0.873908
0.843534
0.78062
0.78062
0.993877
0.94197
0.94197
0.999792
0.998983
0.999993
0.739358
0.739358
0.995653
0.995653
0.99851
0.95873
0.981363
0.391614
0.83642
0.843865
0.843865
0.460626
0.908353
0.908353
0.908353
0.944914
0.911725
0.792452
0.986449
0.921103
0.921103
0.921103
0.996781
0.246532
0.246532
0.247583
0.994513
0.667328
0.647519
0.647519
0.894247
0.894247
0.998664
0.998664
0.998664
0.998664
0.828792
0.421625
0.421625
0.244854
0.252101
0.970439
0.970439
0.917481
0.917481
0.992139
0.896904
0.896904
0.946365
0.946365
0.935711
0.780423
0.780423
0.276603
0.276603
0.276603
0.276603
0.276603
0.770866
0.856612
0.999142
0.999142
0.980605
0.673137
0.885318
0.891396
0.891396
0.891396
0.646964
0.808802
0.893614
0.999486
0.998919
0.777567
0.777567
0.981424
0.981424
0.981424
0.528311
0.769389
0.769389
0.855046
0.749078
0.21391
-0.32383
-0.32383
0.254483
0.85952
0.554657
0.959118
0.674259
0.674259
0.674259
0.667448
0.667448
0.667448
0.667448
0.667448
-0.587439
-0.587439
-0.587439
-1.62214
-0.515511
0.848485
0.996427
0.996902
0.996902
0.996902
0.996902
0.677283
0.677283
0.518843
0.585633
0.0818524
0.940137
0.827796
0.77766
0.77766
0.661141
0.920443
0.95496
0.95496
0.928065
0.947788
0.947788
0.700326
0.700326
0.700326
0.700326
0.678669
0.645681
0.927225
0.990104
0.335532
0.335532
0.335532
-0.391377
0.951049
0.975441
0.975441
0.823372
0.865124
0.850537
0.948003
0.367747
0.367747
0.983749
0.983749
0.662205
0.433867
0.0966335
0.0966335
-0.609793
0.295374
0.769949
0.362991
0.81787
0.933487
0.671297
0.978096
0.978096
0.163779
0.146523
0.165158
0.521422
0.521422
0.709536
0.991556
0.991556
0.991556
0.991556
0.991556
0.991556
0.867378
0.615634
0.817499
0.763709
0.928744
0.928744
0.928744
0.904498
0.932676
0.985129
0.985129
0.723307
0.723307
0.723307
0.693866
0.693866
0.930029
0.613027
0.613027
0.995684
0.968907
0.989819
0.967432
0.843253
0.984625
0.754457
0.716671
0.716671
0.888393
0.888393
0.999438
0.787461
0.620173
0.449994
0.449994
0.449994
0.530261
0.86009
0.862297
0.987328
0.947254
0.985306
0.977683
0.981773
0.995902
0.995902
0.979975
0.979975
0.979975
0.979975
0.979975
0.979975
0.979975
0.964547
0.904454
0.904454
-0.201044
0.334028
0.12122
0.660378
0.428124
0.428124
0.689558
0.452977
0.0930115
0.63729
0.714818
0.946299
0.875214
0.917048
0.917048
0.839905
0.839905
0.863637
0.958843
0.958843
0.869318
0.670219
0.995346
0.995346
0.998654
0.998654
0.989809
0.987069
0.988249
0.917303
0.980926
0.980926
0.998475
0.294012
0.995111
0.999063
0.856106
0.689539
0.689539
0.689539
0.689539
0.689539
0.765672
0.765672
0.797498
0.797498
0.797498
0.797498
0.966926
0.966926
0.850141
0.850141
0.896288
0.988378
0.998434
0.336566
0.77777
0.998634
0.998634
0.858093
0.925755
0.925755
0.875201
-0.111785
-0.111785
0.64758
0.981333
0.979032
0.995515
0.930773
0.997888
0.952932
0.897236
0.999893
0.31942
0.31942
0.193173
0.551171
0.551171
0.836505
0.836505
0.964476
0.95849
0.95849
0.978062
0.730282
0.705298
0.705298
0.964008
0.658088
0.283184
0.283184
0.283184
0.889488
0.782483
0.990067
0.934693
0.353449
0.0899072
0.0899072
0.978339
0.900053
0.833575
0.996213
0.937228
-0.260281
-0.260281
-0.260281
0.859698
0.987751
0.987751
0.841313
0.888814
0.999986
0.81317
0.81317
0.946686
0.984476
0.940119
0.633612
-0.0678993
-0.00365739
0.878135
0.98138
0.987704
0.916105
0.974001
-0.0372623
-0.0158748
-0.0158748
-0.0158748
0.661006
0.981655
0.981655
0.837906
0.874053
0.811065
0.0949888
0.0949888
-0.543804
0.675403
0.711092
0.711092
0.741009
0.741009
0.741009
0.974288
0.150108
0.150108
0.150108
0.815879
0.815879
0.815879
0.806137
0.575172
0.690597
0.690597
0.986816
0.89177
0.123175
0.103696
0.825798
0.903307
0.999483
0.93949
0.878531
0.963231
0.993626
0.993626
0.993626
0.711737
0.711737
0.711737
0.711737
0.242003
0.242003
0.835805
0.835805
0.850498
0.976386
0.996967
0.99872
0.775776
0.963317
0.559986
0.559986
0.947482
0.947482
0.942062
0.969396
0.804479
0.308248
0.308248
0.871611
0.999368
0.999368
0.810676
0.89671
0.978154
0.858268
0.858268
0.972051
0.972051
0.979019
0.96963
0.830959
0.658341
0.931599
0.572323
-0.828596
-0.746193
0.899565
0.899565
0.980175
0.980175
0.466048
-0.989184
0.237104
0.72169
0.72169
0.119912
0.718052
0.740727
0.592017
0.592017
0.965408
0.965408
0.972972
0.750321
0.750321
0.406943
0.531443
-0.329016
-0.329016
-0.371989
-0.675486
0.973979
0.764537
0.764537
0.564923
0.975931
0.810699
0.905285
0.508958
0.761911
0.761911
0.761911
0.761911
0.882487
0.836138
0.959716
0.984893
0.875322
0.875322
0.966614
0.826217
0.993102
0.993102
0.950859
0.860487
0.888624
0.888624
0.944195
0.982617
0.982617
0.919782
0.919782
0.848169
0.953765
-1.61502
-1.61502
0.114635
-0.0459856
0.354903
0.354903
0.354903
0.354903
0.193127
0.974982
0.973157
0.96694
0.832214
0.816446
0.816446
0.921929
0.907156
0.922378
0.922378
0.745162
-0.749937
0.972303
0.972303
0.981182
0.868423
0.868423
0.950714
0.950714
0.903047
0.970312
0.350767
0.968136
0.995791
0.995791
0.99456
0.99456
0.973022
0.973022
0.72841
0.317684
0.711198
0.951532
0.951532
0.997717
0.748565
0.748565
0.849277
0.922246
0.53093
0.53093
0.53093
0.53093
-0.653012
-0.653012
-0.653012
-0.653012
0.737586
0.737586
0.12514
0.822378
0.954794
0.954794
0.981625
0.966899
0.959514
0.996302
0.837431
0.884128
0.987682
0.987682
0.974763
0.94753
0.9961
0.9961
0.848369
0.848369
0.96863
0.911346
0.701812
0.906093
0.906093
0.954789
0.055223
0.055223
0.055223
0.847325
0.989227
0.999605
0.995307
0.995307
0.654442
0.654442
0.330733
0.730983
0.0397853
0.0397853
0.138729
0.987412
0.993507
0.791662
0.791662
0.791662
0.617107
0.740667
0.949551
0.478294
0.832402
0.80177
0.80177
0.725501
0.725501
0.722619
0.671649
0.671649
0.671649
0.979653
0.979653
0.834494
0.896354
0.970985
0.736978
0.601873
0.907541
0.999123
0.545403
0.545403
0.968434
0.9978
0.989347
0.999984
0.887383
0.887383
0.887383
0.981256
0.995558
0.389069
0.87747
0.87747
0.998866
0.998866
0.835383
0.835383
0.99935
0.584179
0.68981
0.95662
0.851612
0.901905
0.597981
0.67171
0.824097
0.824097
0.906203
-0.11611
-0.11611
0.375073
0.132656
0.295777
0.653631
0.987346
0.865511
0.865511
0.926853
0.858704
0.431356
0.627895
0.986252
0.954701
0.987554
0.989139
0.989139
0.989139
0.890432
0.990185
0.986753
0.986753
0.986753
0.991272
0.925872
0.925872
0.925872
0.925872
0.925872
0.997405
0.997405
0.986443
0.299436
-0.673699
-0.673699
-0.673699
0.0643084
0.99603
0.471828
0.99996
0.974874
0.941666
0.94175
0.94175
0.94175
0.94175
0.986852
0.272611
0.99387
0.937738
0.994449
0.96291
0.622798
0.668919
0.668919
-0.31573
-0.31573
-0.31573
0.178085
0.900164
0.488236
0.411881
0.585428
0.585428
0.585428
-0.0307566
0.616599
0.616599
0.965517
0.431942
0.431942
0.431942
0.987665
0.987665
0.811373
0.743128
0.0642435
0.0642435
0.18122
-0.727965
-0.818728
-2.16975
-1.88546
-1.2903
-0.643845
-0.499183
-0.259498
-0.259498
0.886118
0.886118
0.860307
0.232246
0.932604
0.493943
0.426324
0.95957
0.3563
0.999928
0.999928
0.587791
0.587791
0.881039
0.881039
0.935757
0.935757
0.66791
0.244965
-0.0882826
-0.0882826
0.339293
-0.715567
0.906519
0.906519
0.906519
0.769367
0.769367
0.769367
0.769367
0.769367
0.769367
0.896985
0.896985
0.715364
0.281765
0.281765
0.281765
0.742936
0.742936
0.538955
0.538955
0.619906
0.950561
0.894566
0.960527
0.960527
0.971261
0.971261
0.969467
0.969467
0.95359
0.95359
0.95359
0.949741
0.910663
0.910663
0.0385531
0.0385531
0.0385531
0.912049
0.367882
0.367882
0.367882
0.367882
0.966882
0.85212
0.881305
0.971016
0.761192
0.710888
0.710888
0.710888
0.40455
0.834748
0.690805
0.840256
0.989632
0.737774
0.737774
0.686127
0.411671
0.411671
0.411671
0.411671
0.870796
0.995267
0.809717
0.988231
0.988231
0.447538
0.7338
0.969793
0.955164
0.982104
0.982104
0.956681
0.956681
0.73258
0.210442
0.210442
0.218493
0.59533
0.59533
0.930379
0.977291
0.977291
0.911254
0.450617
0.571358
0.571358
0.985388
0.985388
0.999352
0.999352
0.99191
0.99191
0.973574
-0.0281098
-0.0281098
0.71628
0.71628
0.71628
0.991575
0.991575
0.981691
0.888572
0.96096
0.991913
0.823455
0.851687
0.795401
0.708525
0.708525
0.708525
0.708525
0.708525
0.996922
0.710974
0.986967
0.999903
0.181449
0.181449
0.181449
0.181449
-0.535951
-0.535951
0.945477
-0.23029
0.516246
0.838589
0.838589
0.838589
0.838589
0.838589
0.838589
0.938264
0.724095
0.590264
0.590264
0.936148
0.936148
0.977696
0.487731
0.487731
0.705811
0.581782
-0.282243
-0.282243
-0.712064
-0.712064
-0.712064
-0.712064
-0.712064
-1.41479
-0.055953
0.560114
0.710282
0.710282
0.725634
0.725634
0.725634
0.725634
0.725634
0.903164
0.985682
0.85061
0.728548
0.993745
0.981673
0.981673
0.326098
0.937926
0.279646
0.279646
0.279646
0.979301
0.95201
0.915807
0.658846
0.658846
0.990776
0.92084
0.96342
0.967037
0.933916
0.94687
0.412024
0.907659
0.907659
0.942449
0.942449
0.990882
0.535955
0.667994
0.621779
0.955826
0.955826
0.999678
0.999678
0.999678
0.963397
0.985169
0.998237
0.862846
0.460229
0.292655
0.292655
0.292655
0.923845
0.923845
0.994378
0.994306
0.994306
0.707632
0.921683
0.885471
0.926282
0.999352
0.999352
0.931815
0.992207
0.990103
0.717934
0.717934
0.81886
0.81886
0.95777
0.97935
0.97935
0.770352
0.636979
0.636979
0.999484
0.612319
0.934469
0.999135
0.90759
0.960709
0.988667
0.0550187
-0.477697
0.769862
0.769862
0.626951
0.921006
0.442487
0.7803
0.7803
0.842913
0.842913
0.842913
0.842913
0.866549
-1.16577
-1.16577
-0.374961
0.326927
0.975431
0.975431
0.982787
0.834437
0.834437
0.998899
0.820474
0.996524
0.942289
0.794697
0.794697
0.990441
0.947942
0.947942
0.944937
0.944937
0.943343
0.943343
0.940934
0.937291
0.497803
-0.475128
-0.851447
-0.851447
0.770275
0.98652
0.98652
0.535529
0.535529
0.78017
0.892734
0.983916
0.950421
0.950421
0.921589
0.926131
0.927955
0.0256271
0.0256271
0.0256271
-0.211116
-0.211116
-0.211116
0.957496
0.998176
0.873438
0.755636
0.755636
0.87128
0.787265
0.999776
0.553359
0.553359
-0.24347
-0.24347
-1.01324
-1.01324
-1.63437
0.126412
0.232603
0.675737
-0.376228
0.437062
0.463321
0.435897
0.197015
0.245019
0.951767
-0.0813364
1
0.963264
0.963264
0.957271
0.797656
0.998215
0.937
0.943707
0.888293
-0.890369
0.876079
0.98927
0.98927
0.856548
0.988467
0.559188
0.559188
0.120116
0.120116
0.120116
0.987052
0.987052
0.987052
0.911069
0.135464
0.135464
0.859262
0.990391
0.993094
0.993094
0.993094
0.793105
0.733371
0.667367
0.667367
0.36086
0.36086
0.836401
0.836401
0.991747
0.778806
0.105257
0.105257
0.094078
0.094078
0.094078
0.575987
0.227631
0.818453
0.818453
0.407356
0.668169
0.668169
0.240186
1
1
0.980741
0.784702
0.851399
0.614002
0.614002
0.614002
0.614002
0.614002
-0.0729946
-0.0729946
-0.482466
0.586095
0.822682
0.822682
0.697166
0.909222
0.999916
0.999916
0.954259
0.954259
0.792858
0.956828
0.446601
0.924989
0.914616
0.891334
0.990776
0.990776
0.988731
-0.232578
0.545191
-0.093794
-0.621575
0.498238
0.681806
0.681806
0.681806
0.681806
0.938565
0.786819
0.848084
0.80432
0.976942
0.976942
0.777964
0.924123
0.987342
0.987342
0.987342
0.987342
0.776344
0.896153
0.974047
0.974047
0.999817
0.999817
0.999997
0.626258
0.81167
0.81167
0.946007
0.946007
0.669293
0.574026
0.574026
0.2927
0.2927
0.2927
0.445455
0.445455
0.445455
0.445455
0.498908
0.622693
0.622693
0.622693
0.622693
0.622693
0.768408
0.61253
0.61253
0.61253
0.466066
0.980112
0.980112
0.980112
0.561938
0.958561
0.830593
0.830593
0.953329
0.953329
0.518131
0.987419
0.909285
0.909285
0.99311
0.862491
0.26514
0.31362
0.995824
0.94308
0.94308
0.864636
0.864636
0.864636
0.958148
0.784351
0.784351
0.996664
0.988738
0.988738
0.999188
0.999188
0.6209
0.998461
0.432109
0.432109
0.432109
0.964694
0.998873
0.863257
0.863257
0.324056
0.943926
0.943926
0.548536
0.994942
0.994942
0.794668
0.794668
0.975814
0.895533
0.977352
0.987972
0.647479
0.749608
0.903872
0.989785
0.97229
0.802451
0.898796
0.898796
0.898796
0.898796
0.493998
-0.272598
0.39084
0.39084
0.39084
0.115173
0.115173
0.115173
0.560405
0.989321
0.872153
0.759532
0.759532
0.999964
0.999964
0.981299
0.934153
0.764824
0.764824
0.764824
0.764824
0.846119
0.205827
0.975872
0.975872
0.975872
0.964091
0.964091
0.528987
0.528987
0.94433
0.999938
0.954928
0.900884
0.678903
0.804397
0.804397
0.708639
0.883241
0.883241
0.99834
0.99834
0.955174
0.824523
0.797907
0.537165
0.98575
0.991358
0.875303
0.765017
0.849862
0.849862
0.888106
0.821283
0.934888
0.386467
-0.446853
-0.268463
0.992089
0.992089
0.991782
0.991876
0.991876
0.9989
0.990766
0.936135
0.545277
0.369562
0.369562
0.369562
0.369562
0.151593
-0.0654902
0.641785
-0.425583
-0.197784
0.0124788
0.907912
0.907912
0.967455
0.942674
0.932372
0.948479
0.168648
0.0102824
-0.105949
0.423218
0.423218
0.423218
0.423218
0.423218
0.988573
0.988573
0.863408
-0.46384
-1.19609
0.326881
0.509267
0.742547
0.235641
0.597781
0.717583
0.999677
0.997171
0.985382
0.778024
0.778024
0.980055
0.980055
0.99222
0.99222
0.935631
0.995018
0.707708
0.530314
0.977337
0.977337
0.994897
0.994897
0.992459
0.998744
0.95951
0.95951
0.992748
0.867174
0.952131
0.952131
0.139488
-0.309046
0.967441
0.976795
0.994923
0.655936
0.963849
0.963849
0.883422
0.833372
0.0624388
-0.320317
0.0900132
0.53913
-0.00494481
-0.00494481
-0.00494481
0.865509
0.963971
0.917563
0.917563
0.835627
0.92465
0.611607
0.611607
0.611607
0.882297
0.631292
0.998226
0.998226
0.902387
0.730707
0.891097
0.886587
0.886587
0.886587
0.827806
0.880717
0.949886
0.963049
0.989573
0.98593
0.563427
0.642356
0.466014
0.466014
0.724116
0.692555
-0.433358
-0.433358
-0.44359
0.336144
0.867387
0.867387
0.867387
0.987601
0.828859
0.700469
0.958849
0.958849
0.958849
0.716355
-0.041673
-1.64533
-1.64533
-1.64533
-0.692671
-0.692671
-0.692671
0.967605
0.967605
0.63366
0.999418
0.950817
0.850016
0.850016
0.850016
0.508504
0.585293
0.842019
0.854639
0.854639
0.671586
0.801164
0.841919
0.786476
0.980834
0.247205
0.878141
0.878141
0.997598
0.964649
0.538003
0.538003
0.538003
0.986077
0.986077
0.897297
0.897297
0.912018
0.345641
0.733611
0.852869
0.98846
0.938106
0.988872
0.725436
0.936813
0.937696
0.175761
0.756887
0.756887
0.804174
0.804174
0.944921
0.944921
0.807612
0.807612
0.807612
0.746321
0.983817
0.873192
0.988966
0.988966
-0.129962
0.945613
0.945613
0.945613
0.889793
0.889793
0.614875
0.890629
0.890629
0.890629
0.60489
0.868098
0.336306
0.644468
0.644468
0.62786
0.62786
0.455602
0.455602
0.455602
0.599926
0.599926
0.627003
-0.459079
0.22144
0.22144
0.436461
0.436461
0.436461
0.436461
0.436461
0.528764
0.978702
0.725734
0.776648
0.989879
0.989879
0.998886
0.821488
0.923761
0.670615
0.670615
0.670615
0.687769
0.687769
0.259238
0.818548
0.838385
0.238213
0.134083
0.63338
0.935617
0.947218
0.947218
0.807862
0.807862
0.980566
0.980566
0.980566
0.96267
0.768593
0.768593
0.714984
0.580578
0.440951
0.440951
0.440951
-0.775441
0.827022
0.636021
0.636021
0.636021
0.636021
0.997445
0.917624
0.917624
0.902805
0.902805
0.902805
0.487071
0.487071
0.103302
0.915599
0.915599
0.915599
0.915599
0.295223
-0.269719
0.571931
0.777501
0.748489
0.827293
0.932543
0.582208
0.847638
0.847638
0.984359
0.914176
0.551956
0.457642
0.872414
0.96351
0.96351
0.980584
0.993617
0.985264
0.997342
0.997342
0.997342
0.974684
0.974903
0.974903
0.974903
0.974903
0.99987
0.930501
0.930501
0.976124
