     0.41599936    0.091964891              0
     0.81133023     0.52970019              0
     0.41599936    0.091964891              0
     0.81133023     0.52970019              0
     0.41599936    0.091964891              0
     0.12133717     0.52970019              0
     0.41599936    0.091964891              0
     0.12133717     0.52970019              0
     0.41599936    0.091964891              0
     0.12133717     0.52970019              0
     0.41599936    0.091964891              0
     0.12133717     0.52970019              0
     0.41599936    -0.41648678              0
     0.12133717     0.52970019              0
     0.41599936    -0.41648678              0
    -0.10477877     0.52970019              0
