      23.25004634049
      23.25004634049
      23.25004634049
      23.15902590068
       23.1619720721
      23.30591413826
       23.3007083941
       23.3007083941
      22.28704323136
      22.28600936309
      22.30439926576
      22.39143338899
       22.3706047829
      22.38308890762
      23.15202199169
      23.13464135919
      23.13168011199
      23.13168011199
      23.13168011199
      23.13168011199
      23.13292679928
      23.19133800157
      23.00070153075
      23.00070153075
      23.00159384927
      23.73965467132
      23.73850378058
      23.72834571806
      23.72793044993
      23.72453000507
      23.72453000507
      23.72425275819
        23.593590102
      23.77709810819
      23.96471695305
      23.96880938916
      23.96880938916
      23.93704939045
      23.93704939045
      23.93818219667
      23.88031354737
      23.88214791293
      23.88214791293
      23.88214791293
       23.8765484914
       23.8765484914
      24.04195803837
      24.03207005104
      22.28937977577
      22.28937977577
      22.28937977577
      22.15942350184
      23.87059181875
      21.10528358366
      21.10528358366
      19.53875270336
      19.53898617559
      19.53898617559
      23.52889749727
      23.93841237055
      23.94068474721
      23.95554309315
      24.25363174728
      24.26277804181
      23.83401452789
      23.83401452789
      23.85235858924
      23.85597453109
      24.37064788174
      24.35992331288
      24.38832066568
      24.38832066568
      24.38615305968
        24.388353269
      24.38710154854
      24.38580418694
      24.29487445411
      24.29487445411
      24.26448100629
      24.28022787705
      24.25322909599
      24.28202322304
      24.26981404947
      24.27181570237
      24.29670945596
      24.29670945596
      23.63461722651
      23.62986089407
      23.63475950042
      23.73316781965
      24.39922523275
      24.39922523275
      24.40152939098
       22.0432052726
       22.0432052726
      22.03394186625
      22.03394186625
      22.03394186625
      22.02669113759
      22.02657636106
      22.00912788569
      21.89766963932
      21.89766963932
      21.87469775261
      21.87469775261
      21.90035074535
      24.20179107763
      24.20179107763
      24.20124139181
      24.20124139181
      24.20124139181
      22.12291880916
      22.12224269458
      22.11499104285
      22.10676689172
      22.13962922656
      22.06443562231
      22.06702408744
      22.05990851035
      22.05444126535
       23.9361976836
      23.97930446723
      23.97930446723
      23.84168741781
      23.84168741781
      23.84168741781
      23.84522063816
      23.84522063816
      23.84522063816
      24.14817230375
      24.15146205223
      24.10536061255
      24.15169040251
      23.62620899272
      23.62620899272
       23.6776767044
       23.6776767044
       23.6776767044
      24.26852786886
      24.26852786886
      24.26852786886
      24.24887540102
      24.24911353936
      24.22632496913
      24.23685389633
      24.23755412328
      24.18318920722
      24.18318920722
      24.28173162565
      24.29732051215
      24.21398760859
      24.21565595039
